
### VAF=(0.0,0.5] DNA=(0.0,4.0]
#### FILE=v4MiSeq_commercial_samples_expected_indels_ExpectedVAFs_MissingSeraSeq_VAF_NG_0.0_0.5_0.0_4.0_with_blacklist_out.tsv
```
LLOD	score	w_comp	TP	FP	TN	FN_u	FN_d	sens.	spec.	acc.	prec.	recall	F1	FDR
0.1	0.4	0.0	33	40	574	26	13	0.458	0.935	0.885	0.452	0.458	0.455	0.548
0.1	0.4	0.1	31	39	575	26	15	0.431	0.936	0.883	0.443	0.431	0.437	0.557
0.1	0.5	0.2	33	44	570	26	13	0.458	0.928	0.879	0.429	0.458	0.443	0.571
0.1	0.5	0.3	32	43	571	26	14	0.444	0.93	0.879	0.427	0.444	0.435	0.573
0.1	0.6	0.5	33	45	569	26	13	0.458	0.927	0.878	0.423	0.458	0.44	0.577
```

### VAF=(0.0,0.5] DNA=(4.0,8.0]
#### FILE=v4MiSeq_commercial_samples_expected_indels_ExpectedVAFs_MissingSeraSeq_VAF_NG_0.0_0.5_4.0_8.0_with_blacklist_out.tsv
```
LLOD	score	w_comp	TP	FP	TN	FN_u	FN_d	sens.	spec.	acc.	prec.	recall	F1	FDR
0.1	0.4	0.0	26	18	383	6	18	0.52	0.955	0.907	0.591	0.52	0.553	0.409
0.1	0.4	0.1	25	17	384	6	19	0.5	0.958	0.907	0.595	0.5	0.543	0.405
0.1	0.5	0.0	27	23	378	6	17	0.54	0.943	0.898	0.54	0.54	0.54	0.46
0.1	0.5	0.1	27	20	381	6	17	0.54	0.95	0.905	0.574	0.54	0.556	0.426
0.1	0.5	0.2	27	19	382	6	17	0.54	0.953	0.907	0.587	0.54	0.563	0.413
0.1	0.5	0.3	26	18	383	6	18	0.52	0.955	0.907	0.591	0.52	0.553	0.409
0.1	0.6	0.3	27	23	378	6	17	0.54	0.943	0.898	0.54	0.54	0.54	0.46
0.1	0.6	0.4	27	20	381	6	17	0.54	0.95	0.905	0.574	0.54	0.556	0.426
0.1	0.6	0.5	26	19	382	6	18	0.52	0.953	0.905	0.578	0.52	0.547	0.422
0.1	0.6	0.6	25	18	383	6	19	0.5	0.955	0.905	0.581	0.5	0.537	0.419
0.1	0.7	0.7	27	20	381	6	17	0.54	0.95	0.905	0.574	0.54	0.556	0.426
0.1	0.7	0.8	26	20	381	6	18	0.52	0.95	0.902	0.565	0.52	0.542	0.435
0.1	0.8	0.7	28	26	375	6	16	0.56	0.935	0.894	0.519	0.56	0.539	0.481
0.1	0.8	1.0	27	21	380	6	17	0.54	0.948	0.902	0.562	0.54	0.551	0.438
```

### VAF=(0.0,0.5] DNA=(8.0,16.0]
#### FILE=v4MiSeq_commercial_samples_expected_indels_ExpectedVAFs_MissingSeraSeq_VAF_NG_0.0_0.5_8.0_16.0_with_blacklist_out.tsv
```
LLOD	score	w_comp	TP	FP	TN	FN_u	FN_d	sens.	spec.	acc.	prec.	recall	F1	FDR
0.1	0.3	0.0	28	4	486	5	27	0.467	0.992	0.935	0.875	0.467	0.609	0.125
0.1	0.4	0.0	30	8	482	5	25	0.5	0.984	0.931	0.789	0.5	0.612	0.211
0.1	0.4	0.1	30	7	483	5	25	0.5	0.986	0.933	0.811	0.5	0.619	0.189
0.1	0.4	0.3	28	3	487	5	27	0.467	0.994	0.936	0.903	0.467	0.616	0.097
0.1	0.5	0.0	33	11	479	5	22	0.55	0.978	0.931	0.75	0.55	0.635	0.25
0.1	0.5	0.1	32	10	480	5	23	0.533	0.98	0.931	0.762	0.533	0.627	0.238
0.1	0.5	0.3	30	9	481	5	25	0.5	0.982	0.929	0.769	0.5	0.606	0.231
0.1	0.5	0.4	29	7	483	5	26	0.483	0.986	0.931	0.806	0.483	0.604	0.194
0.1	0.6	0.0	35	20	470	5	20	0.583	0.959	0.918	0.636	0.583	0.608	0.364
0.1	0.6	0.1	34	17	473	5	21	0.567	0.965	0.922	0.667	0.567	0.613	0.333
0.1	0.6	0.2	34	15	475	5	21	0.567	0.969	0.925	0.694	0.567	0.624	0.306
0.1	0.6	0.3	32	12	478	5	23	0.533	0.976	0.927	0.727	0.533	0.615	0.273
0.1	0.7	0.3	35	20	470	5	20	0.583	0.959	0.918	0.636	0.583	0.608	0.364
0.1	0.7	0.4	34	18	472	5	21	0.567	0.963	0.92	0.654	0.567	0.607	0.346
0.1	0.7	0.5	34	17	473	5	21	0.567	0.965	0.922	0.667	0.567	0.613	0.333
0.1	0.8	0.7	34	18	472	5	21	0.567	0.963	0.92	0.654	0.567	0.607	0.346
0.1	0.8	0.8	33	16	474	5	22	0.55	0.967	0.922	0.673	0.55	0.605	0.327
0.1	0.9	1.0	34	17	473	5	21	0.567	0.965	0.922	0.667	0.567	0.613	0.333
```

### VAF=(0.0,0.5] DNA=(16.0,32.0]
#### FILE=v4MiSeq_commercial_samples_expected_indels_ExpectedVAFs_MissingSeraSeq_VAF_NG_0.0_0.5_16.0_32.0_with_blacklist_out.tsv
```
LLOD	score	w_comp	TP	FP	TN	FN_u	FN_d	sens.	spec.	acc.	prec.	recall	F1	FDR
0.1	0.4	0.0	27	1	287	0	19	0.587	0.997	0.94	0.964	0.587	0.73	0.036
0.1	0.5	0.0	29	2	286	0	17	0.63	0.993	0.943	0.935	0.63	0.753	0.065
0.1	0.5	0.1	28	1	287	0	18	0.609	0.997	0.943	0.966	0.609	0.747	0.034
0.1	0.5	0.2	28	1	287	0	18	0.609	0.997	0.943	0.966	0.609	0.747	0.034
0.1	0.5	0.3	28	1	287	0	18	0.609	0.997	0.943	0.966	0.609	0.747	0.034
0.1	0.5	0.4	27	1	287	0	19	0.587	0.997	0.94	0.964	0.587	0.73	0.036
0.1	0.6	0.0	30	5	283	0	16	0.652	0.983	0.937	0.857	0.652	0.741	0.143
0.1	0.6	0.1	30	3	285	0	16	0.652	0.99	0.943	0.909	0.652	0.759	0.091
0.1	0.6	0.2	30	3	285	0	16	0.652	0.99	0.943	0.909	0.652	0.759	0.091
0.1	0.6	0.3	28	2	286	0	18	0.609	0.993	0.94	0.933	0.609	0.737	0.067
0.1	0.6	0.4	28	2	286	0	18	0.609	0.993	0.94	0.933	0.609	0.737	0.067
0.1	0.6	0.5	28	1	287	0	18	0.609	0.997	0.943	0.966	0.609	0.747	0.034
0.1	0.6	0.6	27	1	287	0	19	0.587	0.997	0.94	0.964	0.587	0.73	0.036
0.1	0.7	0.1	30	6	282	0	16	0.652	0.979	0.934	0.833	0.652	0.731	0.167
0.1	0.7	0.2	30	5	283	0	16	0.652	0.983	0.937	0.857	0.652	0.741	0.143
0.1	0.7	0.3	30	4	284	0	16	0.652	0.986	0.94	0.882	0.652	0.75	0.118
0.1	0.7	0.4	30	3	285	0	16	0.652	0.99	0.943	0.909	0.652	0.759	0.091
0.1	0.7	0.5	30	3	285	0	16	0.652	0.99	0.943	0.909	0.652	0.759	0.091
0.1	0.7	0.6	28	3	285	0	18	0.609	0.99	0.937	0.903	0.609	0.727	0.097
0.1	0.7	0.7	28	3	285	0	18	0.609	0.99	0.937	0.903	0.609	0.727	0.097
0.1	0.7	0.8	28	2	286	0	18	0.609	0.993	0.94	0.933	0.609	0.737	0.067
0.1	0.7	0.9	27	1	287	0	19	0.587	0.997	0.94	0.964	0.587	0.73	0.036
0.1	0.8	0.3	30	7	281	0	16	0.652	0.976	0.931	0.811	0.652	0.723	0.189
0.1	0.8	0.4	30	7	281	0	16	0.652	0.976	0.931	0.811	0.652	0.723	0.189
0.1	0.8	0.5	30	5	283	0	16	0.652	0.983	0.937	0.857	0.652	0.741	0.143
0.1	0.8	0.6	30	4	284	0	16	0.652	0.986	0.94	0.882	0.652	0.75	0.118
0.1	0.8	0.7	30	4	284	0	16	0.652	0.986	0.94	0.882	0.652	0.75	0.118
0.1	0.8	0.8	29	3	285	0	17	0.63	0.99	0.94	0.906	0.63	0.743	0.094
0.1	0.8	0.9	28	3	285	0	18	0.609	0.99	0.937	0.903	0.609	0.727	0.097
0.1	0.8	1.0	28	3	285	0	18	0.609	0.99	0.937	0.903	0.609	0.727	0.097
0.1	0.9	0.7	30	5	283	0	16	0.652	0.983	0.937	0.857	0.652	0.741	0.143
0.1	0.9	0.8	30	4	284	0	16	0.652	0.986	0.94	0.882	0.652	0.75	0.118
0.1	0.9	0.9	30	4	284	0	16	0.652	0.986	0.94	0.882	0.652	0.75	0.118
0.1	0.9	1.0	30	4	284	0	16	0.652	0.986	0.94	0.882	0.652	0.75	0.118
0.1	1.0	0.9	30	7	281	0	16	0.652	0.976	0.931	0.811	0.652	0.723	0.189
0.1	1.0	1.0	30	6	282	0	16	0.652	0.979	0.934	0.833	0.652	0.731	0.167
```

### VAF=(0.0,0.5] DNA=(32.0,64.0]
#### FILE=v4MiSeq_commercial_samples_expected_indels_ExpectedVAFs_MissingSeraSeq_VAF_NG_0.0_0.5_32.0_100.0_with_blacklist_out.tsv
```
LLOD	score	w_comp	TP	FP	TN	FN_u	FN_d	sens.	spec.	acc.	prec.	recall	F1	FDR
0.1	0.4	0.0	15	3	180	2	15	0.469	0.984	0.907	0.833	0.469	0.6	0.167
0.1	0.5	0.0	16	3	180	2	14	0.5	0.984	0.912	0.842	0.5	0.627	0.158
0.1	0.5	0.1	15	3	180	2	15	0.469	0.984	0.907	0.833	0.469	0.6	0.167
0.1	0.5	0.2	15	3	180	2	15	0.469	0.984	0.907	0.833	0.469	0.6	0.167
0.1	0.5	0.3	15	3	180	2	15	0.469	0.984	0.907	0.833	0.469	0.6	0.167
0.1	0.6	0.0	16	3	180	2	14	0.5	0.984	0.912	0.842	0.5	0.627	0.158
0.1	0.6	0.1	16	3	180	2	14	0.5	0.984	0.912	0.842	0.5	0.627	0.158
0.1	0.6	0.2	16	3	180	2	14	0.5	0.984	0.912	0.842	0.5	0.627	0.158
0.1	0.6	0.3	15	3	180	2	15	0.469	0.984	0.907	0.833	0.469	0.6	0.167
0.1	0.6	0.4	15	3	180	2	15	0.469	0.984	0.907	0.833	0.469	0.6	0.167
0.1	0.6	0.5	15	3	180	2	15	0.469	0.984	0.907	0.833	0.469	0.6	0.167
0.1	0.7	0.2	16	5	178	2	14	0.5	0.973	0.902	0.762	0.5	0.604	0.238
0.1	0.7	0.3	16	4	179	2	14	0.5	0.978	0.907	0.8	0.5	0.615	0.2
0.1	0.7	0.4	16	4	179	2	14	0.5	0.978	0.907	0.8	0.5	0.615	0.2
0.1	0.7	0.5	16	4	179	2	14	0.5	0.978	0.907	0.8	0.5	0.615	0.2
0.1	0.7	0.6	15	3	180	2	15	0.469	0.984	0.907	0.833	0.469	0.6	0.167
0.1	0.7	0.7	15	3	180	2	15	0.469	0.984	0.907	0.833	0.469	0.6	0.167
0.1	0.7	0.8	15	2	181	2	15	0.469	0.989	0.912	0.882	0.469	0.612	0.118
0.1	0.8	0.5	16	4	179	2	14	0.5	0.978	0.907	0.8	0.5	0.615	0.2
0.1	0.8	0.6	16	4	179	2	14	0.5	0.978	0.907	0.8	0.5	0.615	0.2
0.1	0.8	0.7	16	4	179	2	14	0.5	0.978	0.907	0.8	0.5	0.615	0.2
0.1	0.8	0.8	16	4	179	2	14	0.5	0.978	0.907	0.8	0.5	0.615	0.2
0.1	0.9	0.8	16	5	178	2	14	0.5	0.973	0.902	0.762	0.5	0.604	0.238
0.1	0.9	0.9	16	4	179	2	14	0.5	0.978	0.907	0.8	0.5	0.615	0.2
0.1	0.9	1.0	16	4	179	2	14	0.5	0.978	0.907	0.8	0.5	0.615	0.2
```

### VAF=(0.5,1.0] DNA=(0.0,4.0]
#### FILE=v4MiSeq_commercial_samples_expected_indels_ExpectedVAFs_MissingSeraSeq_VAF_NG_0.5_1.0_0.0_4.0_with_blacklist_out.tsv
```
LLOD	score	w_comp	TP	FP	TN	FN_u	FN_d	sens.	spec.	acc.	prec.	recall	F1	FDR
0.75	0.4	0.0	71	29	447	14	33	0.602	0.939	0.872	0.71	0.602	0.652	0.29
0.75	0.4	0.1	68	26	450	14	36	0.576	0.945	0.872	0.723	0.576	0.641	0.277
0.75	0.4	0.2	66	24	452	14	38	0.559	0.95	0.872	0.733	0.559	0.634	0.267
0.75	0.5	0.0	76	40	436	14	28	0.644	0.916	0.862	0.655	0.644	0.649	0.345
0.75	0.5	0.1	75	37	439	14	29	0.636	0.922	0.865	0.67	0.636	0.653	0.33
0.75	0.5	0.2	72	35	441	14	32	0.61	0.926	0.864	0.673	0.61	0.64	0.327
0.75	0.5	0.3	71	31	445	14	33	0.602	0.935	0.869	0.696	0.602	0.646	0.304
0.75	0.5	0.4	68	30	446	14	36	0.576	0.937	0.865	0.694	0.576	0.63	0.306
0.75	0.6	0.0	78	47	429	14	26	0.661	0.901	0.854	0.624	0.661	0.642	0.376
0.75	0.6	0.1	78	44	432	14	26	0.661	0.908	0.859	0.639	0.661	0.65	0.361
0.75	0.6	0.2	78	40	436	14	26	0.661	0.916	0.865	0.661	0.661	0.661	0.339
0.75	0.6	0.3	75	38	438	14	29	0.636	0.92	0.864	0.664	0.636	0.65	0.336
0.75	0.6	0.4	74	36	440	14	30	0.627	0.924	0.865	0.673	0.627	0.649	0.327
0.75	0.6	0.5	72	34	442	14	32	0.61	0.929	0.865	0.679	0.61	0.643	0.321
0.75	0.6	0.6	71	31	445	14	33	0.602	0.935	0.869	0.696	0.602	0.646	0.304
0.75	0.7	0.1	78	50	426	14	26	0.661	0.895	0.848	0.609	0.661	0.634	0.391
0.75	0.7	0.2	78	49	427	14	26	0.661	0.897	0.85	0.614	0.661	0.637	0.386
0.75	0.7	0.3	78	46	430	14	26	0.661	0.903	0.855	0.629	0.661	0.645	0.371
0.75	0.7	0.4	78	43	433	14	26	0.661	0.91	0.86	0.645	0.661	0.653	0.355
0.75	0.7	0.5	78	40	436	14	26	0.661	0.916	0.865	0.661	0.661	0.661	0.339
0.75	0.7	0.6	75	37	439	14	29	0.636	0.922	0.865	0.67	0.636	0.653	0.33
0.75	0.7	0.7	74	35	441	14	30	0.627	0.926	0.867	0.679	0.627	0.652	0.321
0.75	0.7	0.8	72	33	443	14	32	0.61	0.931	0.867	0.686	0.61	0.646	0.314
0.75	0.7	0.9	69	31	445	14	35	0.585	0.935	0.865	0.69	0.585	0.633	0.31
0.75	0.8	0.3	78	52	424	14	26	0.661	0.891	0.845	0.6	0.661	0.629	0.4
0.75	0.8	0.4	78	49	427	14	26	0.661	0.897	0.85	0.614	0.661	0.637	0.386
0.75	0.8	0.5	78	47	429	14	26	0.661	0.901	0.854	0.624	0.661	0.642	0.376
0.75	0.8	0.6	78	45	431	14	26	0.661	0.905	0.857	0.634	0.661	0.647	0.366
0.75	0.8	0.7	78	41	435	14	26	0.661	0.914	0.864	0.655	0.661	0.658	0.345
0.75	0.8	0.8	75	40	436	14	29	0.636	0.916	0.86	0.652	0.636	0.644	0.348
0.75	0.8	0.9	74	37	439	14	30	0.627	0.922	0.864	0.667	0.627	0.646	0.333
0.75	0.8	1.0	72	35	441	14	32	0.61	0.926	0.864	0.673	0.61	0.64	0.327
0.75	0.9	0.6	78	51	425	14	26	0.661	0.893	0.847	0.605	0.661	0.632	0.395
0.75	0.9	0.7	78	49	427	14	26	0.661	0.897	0.85	0.614	0.661	0.637	0.386
0.75	0.9	0.8	78	48	428	14	26	0.661	0.899	0.852	0.619	0.661	0.639	0.381
0.75	0.9	0.9	78	42	434	14	26	0.661	0.912	0.862	0.65	0.661	0.655	0.35
0.75	0.9	1.0	78	41	435	14	26	0.661	0.914	0.864	0.655	0.661	0.658	0.345
0.75	1.0	0.9	78	51	425	14	26	0.661	0.893	0.847	0.605	0.661	0.632	0.395
0.75	1.0	1.0	78	49	427	14	26	0.661	0.897	0.85	0.614	0.661	0.637	0.386
```

### VAF=(0.5,1.0] DNA=(4.0,8.0]
#### FILE=v4MiSeq_commercial_samples_expected_indels_ExpectedVAFs_MissingSeraSeq_VAF_NG_0.5_1.0_4.0_8.0_with_blacklist_out.tsv
```
LLOD	score	w_comp	TP	FP	TN	FN_u	FN_d	sens.	spec.	acc.	prec.	recall	F1	FDR
0.75	0.4	0.0	38	5	168	0	2	0.95	0.971	0.967	0.884	0.95	0.916	0.116
0.75	0.4	0.1	36	5	168	0	4	0.9	0.971	0.958	0.878	0.9	0.889	0.122
0.75	0.5	0.0	39	7	166	0	1	0.975	0.96	0.962	0.848	0.975	0.907	0.152
0.75	0.5	0.1	39	6	167	0	1	0.975	0.965	0.967	0.867	0.975	0.918	0.133
0.75	0.5	0.2	39	6	167	0	1	0.975	0.965	0.967	0.867	0.975	0.918	0.133
0.75	0.5	0.3	38	6	167	0	2	0.95	0.965	0.962	0.864	0.95	0.905	0.136
0.75	0.6	0.0	39	8	165	0	1	0.975	0.954	0.958	0.83	0.975	0.897	0.17
0.75	0.6	0.1	39	7	166	0	1	0.975	0.96	0.962	0.848	0.975	0.907	0.152
0.75	0.6	0.2	39	7	166	0	1	0.975	0.96	0.962	0.848	0.975	0.907	0.152
0.75	0.6	0.3	39	6	167	0	1	0.975	0.965	0.967	0.867	0.975	0.918	0.133
0.75	0.6	0.4	39	6	167	0	1	0.975	0.965	0.967	0.867	0.975	0.918	0.133
0.75	0.6	0.5	39	6	167	0	1	0.975	0.965	0.967	0.867	0.975	0.918	0.133
0.75	0.6	0.6	36	6	167	0	4	0.9	0.965	0.953	0.857	0.9	0.878	0.143
0.75	0.7	0.2	39	10	163	0	1	0.975	0.942	0.948	0.796	0.975	0.876	0.204
0.75	0.7	0.3	39	9	164	0	1	0.975	0.948	0.953	0.812	0.975	0.886	0.188
0.75	0.7	0.4	39	8	165	0	1	0.975	0.954	0.958	0.83	0.975	0.897	0.17
0.75	0.7	0.5	39	8	165	0	1	0.975	0.954	0.958	0.83	0.975	0.897	0.17
0.75	0.7	0.6	39	7	166	0	1	0.975	0.96	0.962	0.848	0.975	0.907	0.152
0.75	0.7	0.7	39	7	166	0	1	0.975	0.96	0.962	0.848	0.975	0.907	0.152
0.75	0.7	0.8	38	6	167	0	2	0.95	0.965	0.962	0.864	0.95	0.905	0.136
0.75	0.7	0.9	36	6	167	0	4	0.9	0.965	0.953	0.857	0.9	0.878	0.143
0.75	0.8	0.5	39	10	163	0	1	0.975	0.942	0.948	0.796	0.975	0.876	0.204
0.75	0.8	0.6	39	9	164	0	1	0.975	0.948	0.953	0.812	0.975	0.886	0.188
0.75	0.8	0.7	39	9	164	0	1	0.975	0.948	0.953	0.812	0.975	0.886	0.188
0.75	0.8	0.8	39	7	166	0	1	0.975	0.96	0.962	0.848	0.975	0.907	0.152
0.75	0.8	0.9	39	7	166	0	1	0.975	0.96	0.962	0.848	0.975	0.907	0.152
0.75	0.8	1.0	39	7	166	0	1	0.975	0.96	0.962	0.848	0.975	0.907	0.152
0.75	0.9	0.8	39	10	163	0	1	0.975	0.942	0.948	0.796	0.975	0.876	0.204
0.75	0.9	0.9	39	9	164	0	1	0.975	0.948	0.953	0.812	0.975	0.886	0.188
0.75	0.9	1.0	39	8	165	0	1	0.975	0.954	0.958	0.83	0.975	0.897	0.17
0.75	1.0	1.0	39	10	163	0	1	0.975	0.942	0.948	0.796	0.975	0.876	0.204
```

### VAF=(0.5,1.0] DNA=(8.0,16.0]
#### FILE=v4MiSeq_commercial_samples_expected_indels_ExpectedVAFs_MissingSeraSeq_VAF_NG_0.5_1.0_8.0_16.0_with_blacklist_out.tsv
```
LLOD	score	w_comp	TP	FP	TN	FN_u	FN_d	sens.	spec.	acc.	prec.	recall	F1	FDR
0.75	0.4	0.0	46	3	248	0	6	0.885	0.988	0.97	0.939	0.885	0.911	0.061
0.75	0.4	0.1	46	2	249	0	6	0.885	0.992	0.974	0.958	0.885	0.92	0.042
0.75	0.5	0.0	47	4	247	0	5	0.904	0.984	0.97	0.922	0.904	0.913	0.078
0.75	0.5	0.1	47	3	248	0	5	0.904	0.988	0.974	0.94	0.904	0.922	0.06
0.75	0.5	0.2	46	3	248	0	6	0.885	0.988	0.97	0.939	0.885	0.911	0.061
0.75	0.5	0.3	46	3	248	0	6	0.885	0.988	0.97	0.939	0.885	0.911	0.061
0.75	0.5	0.4	46	3	248	0	6	0.885	0.988	0.97	0.939	0.885	0.911	0.061
0.75	0.6	0.0	49	7	244	0	3	0.942	0.972	0.967	0.875	0.942	0.907	0.125
0.75	0.6	0.1	49	4	247	0	3	0.942	0.984	0.977	0.925	0.942	0.933	0.075
0.75	0.6	0.2	48	4	247	0	4	0.923	0.984	0.974	0.923	0.923	0.923	0.077
0.75	0.6	0.3	47	3	248	0	5	0.904	0.988	0.974	0.94	0.904	0.922	0.06
0.75	0.6	0.4	47	3	248	0	5	0.904	0.988	0.974	0.94	0.904	0.922	0.06
0.75	0.6	0.5	46	3	248	0	6	0.885	0.988	0.97	0.939	0.885	0.911	0.061
0.75	0.6	0.6	46	3	248	0	6	0.885	0.988	0.97	0.939	0.885	0.911	0.061
0.75	0.6	0.7	45	3	248	0	7	0.865	0.988	0.967	0.938	0.865	0.9	0.062
0.75	0.7	0.1	49	9	242	0	3	0.942	0.964	0.96	0.845	0.942	0.891	0.155
0.75	0.7	0.2	49	7	244	0	3	0.942	0.972	0.967	0.875	0.942	0.907	0.125
0.75	0.7	0.3	49	5	246	0	3	0.942	0.98	0.974	0.907	0.942	0.924	0.093
0.75	0.7	0.4	48	5	246	0	4	0.923	0.98	0.97	0.906	0.923	0.914	0.094
0.75	0.7	0.5	47	4	247	0	5	0.904	0.984	0.97	0.922	0.904	0.913	0.078
0.75	0.7	0.6	47	3	248	0	5	0.904	0.988	0.974	0.94	0.904	0.922	0.06
0.75	0.7	0.7	47	3	248	0	5	0.904	0.988	0.974	0.94	0.904	0.922	0.06
0.75	0.7	0.8	46	3	248	0	6	0.885	0.988	0.97	0.939	0.885	0.911	0.061
0.75	0.7	0.9	46	3	248	0	6	0.885	0.988	0.97	0.939	0.885	0.911	0.061
0.75	0.7	1.0	44	2	249	0	8	0.846	0.992	0.967	0.957	0.846	0.898	0.043
0.75	0.8	0.3	49	9	242	0	3	0.942	0.964	0.96	0.845	0.942	0.891	0.155
0.75	0.8	0.4	49	8	243	0	3	0.942	0.968	0.964	0.86	0.942	0.899	0.14
0.75	0.8	0.5	49	7	244	0	3	0.942	0.972	0.967	0.875	0.942	0.907	0.125
0.75	0.8	0.6	49	5	246	0	3	0.942	0.98	0.974	0.907	0.942	0.924	0.093
0.75	0.8	0.7	48	5	246	0	4	0.923	0.98	0.97	0.906	0.923	0.914	0.094
0.75	0.8	0.8	47	4	247	0	5	0.904	0.984	0.97	0.922	0.904	0.913	0.078
0.75	0.8	0.9	47	3	248	0	5	0.904	0.988	0.974	0.94	0.904	0.922	0.06
0.75	0.8	1.0	46	3	248	0	6	0.885	0.988	0.97	0.939	0.885	0.911	0.061
0.75	0.9	0.7	49	8	243	0	3	0.942	0.968	0.964	0.86	0.942	0.899	0.14
0.75	0.9	0.8	49	6	245	0	3	0.942	0.976	0.97	0.891	0.942	0.916	0.109
0.75	0.9	0.9	48	5	246	0	4	0.923	0.98	0.97	0.906	0.923	0.914	0.094
0.75	0.9	1.0	48	5	246	0	4	0.923	0.98	0.97	0.906	0.923	0.914	0.094
0.75	1.0	1.0	49	8	243	0	3	0.942	0.968	0.964	0.86	0.942	0.899	0.14
```

### VAF=(0.5,1.0] DNA=(16.0,32.0]
#### FILE=v4MiSeq_commercial_samples_expected_indels_ExpectedVAFs_MissingSeraSeq_VAF_NG_0.5_1.0_16.0_32.0_with_blacklist_out.tsv
```
LLOD	score	w_comp	TP	FP	TN	FN_u	FN_d	sens.	spec.	acc.	prec.	recall	F1	FDR
0.75	0.4	0.0	26	0	129	0	6	0.812	1.0	0.963	1.0	0.812	0.896	0.0
0.75	0.4	0.1	25	0	129	0	7	0.781	1.0	0.957	1.0	0.781	0.877	0.0
0.75	0.5	0.0	27	1	128	0	5	0.844	0.992	0.963	0.964	0.844	0.9	0.036
0.75	0.5	0.1	27	1	128	0	5	0.844	0.992	0.963	0.964	0.844	0.9	0.036
0.75	0.5	0.2	26	1	128	0	6	0.812	0.992	0.957	0.963	0.812	0.881	0.037
0.75	0.5	0.3	26	0	129	0	6	0.812	1.0	0.963	1.0	0.812	0.896	0.0
0.75	0.6	0.0	29	2	127	0	3	0.906	0.984	0.969	0.935	0.906	0.92	0.065
0.75	0.6	0.1	29	2	127	0	3	0.906	0.984	0.969	0.935	0.906	0.92	0.065
0.75	0.6	0.2	28	1	128	0	4	0.875	0.992	0.969	0.966	0.875	0.918	0.034
0.75	0.6	0.3	27	1	128	0	5	0.844	0.992	0.963	0.964	0.844	0.9	0.036
0.75	0.6	0.4	27	1	128	0	5	0.844	0.992	0.963	0.964	0.844	0.9	0.036
0.75	0.6	0.5	26	1	128	0	6	0.812	0.992	0.957	0.963	0.812	0.881	0.037
0.75	0.7	0.0	29	3	126	0	3	0.906	0.977	0.963	0.906	0.906	0.906	0.094
0.75	0.7	0.1	29	2	127	0	3	0.906	0.984	0.969	0.935	0.906	0.92	0.065
0.75	0.7	0.2	29	2	127	0	3	0.906	0.984	0.969	0.935	0.906	0.92	0.065
0.75	0.7	0.3	29	2	127	0	3	0.906	0.984	0.969	0.935	0.906	0.92	0.065
0.75	0.7	0.4	29	2	127	0	3	0.906	0.984	0.969	0.935	0.906	0.92	0.065
0.75	0.7	0.5	27	1	128	0	5	0.844	0.992	0.963	0.964	0.844	0.9	0.036
0.75	0.7	0.6	27	1	128	0	5	0.844	0.992	0.963	0.964	0.844	0.9	0.036
0.75	0.7	0.7	26	1	128	0	6	0.812	0.992	0.957	0.963	0.812	0.881	0.037
0.75	0.7	0.8	26	1	128	0	6	0.812	0.992	0.957	0.963	0.812	0.881	0.037
0.75	0.8	0.0	29	4	125	0	3	0.906	0.969	0.957	0.879	0.906	0.892	0.121
0.75	0.8	0.1	29	4	125	0	3	0.906	0.969	0.957	0.879	0.906	0.892	0.121
0.75	0.8	0.2	29	3	126	0	3	0.906	0.977	0.963	0.906	0.906	0.906	0.094
0.75	0.8	0.3	29	2	127	0	3	0.906	0.984	0.969	0.935	0.906	0.92	0.065
0.75	0.8	0.4	29	2	127	0	3	0.906	0.984	0.969	0.935	0.906	0.92	0.065
0.75	0.8	0.5	29	2	127	0	3	0.906	0.984	0.969	0.935	0.906	0.92	0.065
0.75	0.8	0.6	29	2	127	0	3	0.906	0.984	0.969	0.935	0.906	0.92	0.065
0.75	0.8	0.7	28	2	127	0	4	0.875	0.984	0.963	0.933	0.875	0.903	0.067
0.75	0.8	0.8	27	2	127	0	5	0.844	0.984	0.957	0.931	0.844	0.885	0.069
0.75	0.8	0.9	27	1	128	0	5	0.844	0.992	0.963	0.964	0.844	0.9	0.036
0.75	0.8	1.0	26	1	128	0	6	0.812	0.992	0.957	0.963	0.812	0.881	0.037
0.75	0.9	0.0	30	6	123	0	2	0.938	0.953	0.95	0.833	0.938	0.882	0.167
0.75	0.9	0.1	29	5	124	0	3	0.906	0.961	0.95	0.853	0.906	0.879	0.147
0.75	0.9	0.2	29	5	124	0	3	0.906	0.961	0.95	0.853	0.906	0.879	0.147
0.75	0.9	0.3	29	4	125	0	3	0.906	0.969	0.957	0.879	0.906	0.892	0.121
0.75	0.9	0.4	29	4	125	0	3	0.906	0.969	0.957	0.879	0.906	0.892	0.121
0.75	0.9	0.5	29	4	125	0	3	0.906	0.969	0.957	0.879	0.906	0.892	0.121
0.75	0.9	0.6	29	2	127	0	3	0.906	0.984	0.969	0.935	0.906	0.92	0.065
0.75	0.9	0.7	29	2	127	0	3	0.906	0.984	0.969	0.935	0.906	0.92	0.065
0.75	0.9	0.8	29	2	127	0	3	0.906	0.984	0.969	0.935	0.906	0.92	0.065
0.75	0.9	0.9	29	2	127	0	3	0.906	0.984	0.969	0.935	0.906	0.92	0.065
0.75	0.9	1.0	27	2	127	0	5	0.844	0.984	0.957	0.931	0.844	0.885	0.069
0.75	1.0	0.3	30	5	124	0	2	0.938	0.961	0.957	0.857	0.938	0.896	0.143
0.75	1.0	0.4	29	5	124	0	3	0.906	0.961	0.95	0.853	0.906	0.879	0.147
0.75	1.0	0.5	29	4	125	0	3	0.906	0.969	0.957	0.879	0.906	0.892	0.121
0.75	1.0	0.6	29	4	125	0	3	0.906	0.969	0.957	0.879	0.906	0.892	0.121
0.75	1.0	0.7	29	4	125	0	3	0.906	0.969	0.957	0.879	0.906	0.892	0.121
0.75	1.0	0.8	29	4	125	0	3	0.906	0.969	0.957	0.879	0.906	0.892	0.121
0.75	1.0	0.9	29	2	127	0	3	0.906	0.984	0.969	0.935	0.906	0.92	0.065
0.75	1.0	1.0	29	2	127	0	3	0.906	0.984	0.969	0.935	0.906	0.92	0.065
0.75	1.1	0.6	29	5	124	0	3	0.906	0.961	0.95	0.853	0.906	0.879	0.147
0.75	1.1	0.7	29	5	124	0	3	0.906	0.961	0.95	0.853	0.906	0.879	0.147
0.75	1.1	0.8	29	4	125	0	3	0.906	0.969	0.957	0.879	0.906	0.892	0.121
0.75	1.1	0.9	29	4	125	0	3	0.906	0.969	0.957	0.879	0.906	0.892	0.121
0.75	1.1	1.0	29	4	125	0	3	0.906	0.969	0.957	0.879	0.906	0.892	0.121
0.75	1.2	0.8	30	6	123	0	2	0.938	0.953	0.95	0.833	0.938	0.882	0.167
0.75	1.2	0.9	29	5	124	0	3	0.906	0.961	0.95	0.853	0.906	0.879	0.147
0.75	1.2	1.0	29	5	124	0	3	0.906	0.961	0.95	0.853	0.906	0.879	0.147
```

### VAF=(0.5,1.0] DNA=(32.0,64.0]
#### FILE=v4MiSeq_commercial_samples_expected_indels_ExpectedVAFs_MissingSeraSeq_VAF_NG_0.5_1.0_32.0_100.0_with_blacklist_out.tsv
```
LLOD	score	w_comp	TP	FP	TN	FN_u	FN_d	sens.	spec.	acc.	prec.	recall	F1	FDR
0.75	0.3	0.0	17	0	59	0	3	0.85	1.0	0.962	1.0	0.85	0.919	0.0
0.75	0.4	0.0	17	0	59	0	3	0.85	1.0	0.962	1.0	0.85	0.919	0.0
0.75	0.4	0.1	17	0	59	0	3	0.85	1.0	0.962	1.0	0.85	0.919	0.0
0.75	0.4	0.2	17	0	59	0	3	0.85	1.0	0.962	1.0	0.85	0.919	0.0
0.75	0.5	0.0	18	0	59	0	2	0.9	1.0	0.975	1.0	0.9	0.947	0.0
0.75	0.5	0.1	18	0	59	0	2	0.9	1.0	0.975	1.0	0.9	0.947	0.0
0.75	0.5	0.2	17	0	59	0	3	0.85	1.0	0.962	1.0	0.85	0.919	0.0
0.75	0.5	0.3	17	0	59	0	3	0.85	1.0	0.962	1.0	0.85	0.919	0.0
0.75	0.5	0.4	17	0	59	0	3	0.85	1.0	0.962	1.0	0.85	0.919	0.0
0.75	0.5	0.5	17	0	59	0	3	0.85	1.0	0.962	1.0	0.85	0.919	0.0
0.75	0.6	0.0	18	0	59	0	2	0.9	1.0	0.975	1.0	0.9	0.947	0.0
0.75	0.6	0.1	18	0	59	0	2	0.9	1.0	0.975	1.0	0.9	0.947	0.0
0.75	0.6	0.2	18	0	59	0	2	0.9	1.0	0.975	1.0	0.9	0.947	0.0
0.75	0.6	0.3	18	0	59	0	2	0.9	1.0	0.975	1.0	0.9	0.947	0.0
0.75	0.6	0.4	18	0	59	0	2	0.9	1.0	0.975	1.0	0.9	0.947	0.0
0.75	0.6	0.5	17	0	59	0	3	0.85	1.0	0.962	1.0	0.85	0.919	0.0
0.75	0.6	0.6	17	0	59	0	3	0.85	1.0	0.962	1.0	0.85	0.919	0.0
0.75	0.6	0.7	17	0	59	0	3	0.85	1.0	0.962	1.0	0.85	0.919	0.0
0.75	0.7	0.0	19	1	58	0	1	0.95	0.983	0.975	0.95	0.95	0.95	0.05
0.75	0.7	0.1	18	1	58	0	2	0.9	0.983	0.962	0.947	0.9	0.923	0.053
0.75	0.7	0.2	18	1	58	0	2	0.9	0.983	0.962	0.947	0.9	0.923	0.053
0.75	0.7	0.3	18	0	59	0	2	0.9	1.0	0.975	1.0	0.9	0.947	0.0
0.75	0.7	0.4	18	0	59	0	2	0.9	1.0	0.975	1.0	0.9	0.947	0.0
0.75	0.7	0.5	18	0	59	0	2	0.9	1.0	0.975	1.0	0.9	0.947	0.0
0.75	0.7	0.6	18	0	59	0	2	0.9	1.0	0.975	1.0	0.9	0.947	0.0
0.75	0.7	0.7	18	0	59	0	2	0.9	1.0	0.975	1.0	0.9	0.947	0.0
0.75	0.7	0.8	17	0	59	0	3	0.85	1.0	0.962	1.0	0.85	0.919	0.0
0.75	0.7	0.9	17	0	59	0	3	0.85	1.0	0.962	1.0	0.85	0.919	0.0
0.75	0.7	1.0	17	0	59	0	3	0.85	1.0	0.962	1.0	0.85	0.919	0.0
0.75	0.8	0.0	19	2	57	0	1	0.95	0.966	0.962	0.905	0.95	0.927	0.095
0.75	0.8	0.1	19	1	58	0	1	0.95	0.983	0.975	0.95	0.95	0.95	0.05
0.75	0.8	0.2	19	1	58	0	1	0.95	0.983	0.975	0.95	0.95	0.95	0.05
0.75	0.8	0.3	18	1	58	0	2	0.9	0.983	0.962	0.947	0.9	0.923	0.053
0.75	0.8	0.4	18	1	58	0	2	0.9	0.983	0.962	0.947	0.9	0.923	0.053
0.75	0.8	0.5	18	1	58	0	2	0.9	0.983	0.962	0.947	0.9	0.923	0.053
0.75	0.8	0.6	18	0	59	0	2	0.9	1.0	0.975	1.0	0.9	0.947	0.0
0.75	0.8	0.7	18	0	59	0	2	0.9	1.0	0.975	1.0	0.9	0.947	0.0
0.75	0.8	0.8	18	0	59	0	2	0.9	1.0	0.975	1.0	0.9	0.947	0.0
0.75	0.8	0.9	18	0	59	0	2	0.9	1.0	0.975	1.0	0.9	0.947	0.0
0.75	0.8	1.0	17	0	59	0	3	0.85	1.0	0.962	1.0	0.85	0.919	0.0
0.75	0.9	0.0	19	3	56	0	1	0.95	0.949	0.949	0.864	0.95	0.905	0.136
0.75	0.9	0.1	19	2	57	0	1	0.95	0.966	0.962	0.905	0.95	0.927	0.095
0.75	0.9	0.2	19	2	57	0	1	0.95	0.966	0.962	0.905	0.95	0.927	0.095
0.75	0.9	0.3	19	2	57	0	1	0.95	0.966	0.962	0.905	0.95	0.927	0.095
0.75	0.9	0.4	19	1	58	0	1	0.95	0.983	0.975	0.95	0.95	0.95	0.05
0.75	0.9	0.5	19	1	58	0	1	0.95	0.983	0.975	0.95	0.95	0.95	0.05
0.75	0.9	0.6	18	1	58	0	2	0.9	0.983	0.962	0.947	0.9	0.923	0.053
0.75	0.9	0.7	18	1	58	0	2	0.9	0.983	0.962	0.947	0.9	0.923	0.053
0.75	0.9	0.8	18	1	58	0	2	0.9	0.983	0.962	0.947	0.9	0.923	0.053
0.75	0.9	0.9	18	0	59	0	2	0.9	1.0	0.975	1.0	0.9	0.947	0.0
0.75	0.9	1.0	18	0	59	0	2	0.9	1.0	0.975	1.0	0.9	0.947	0.0
0.75	1.0	0.1	19	3	56	0	1	0.95	0.949	0.949	0.864	0.95	0.905	0.136
0.75	1.0	0.2	19	3	56	0	1	0.95	0.949	0.949	0.864	0.95	0.905	0.136
0.75	1.0	0.3	19	2	57	0	1	0.95	0.966	0.962	0.905	0.95	0.927	0.095
0.75	1.0	0.4	19	2	57	0	1	0.95	0.966	0.962	0.905	0.95	0.927	0.095
0.75	1.0	0.5	19	2	57	0	1	0.95	0.966	0.962	0.905	0.95	0.927	0.095
0.75	1.0	0.6	19	1	58	0	1	0.95	0.983	0.975	0.95	0.95	0.95	0.05
0.75	1.0	0.7	19	1	58	0	1	0.95	0.983	0.975	0.95	0.95	0.95	0.05
0.75	1.0	0.8	19	1	58	0	1	0.95	0.983	0.975	0.95	0.95	0.95	0.05
0.75	1.0	0.9	18	1	58	0	2	0.9	0.983	0.962	0.947	0.9	0.923	0.053
0.75	1.0	1.0	18	1	58	0	2	0.9	0.983	0.962	0.947	0.9	0.923	0.053
0.75	1.1	0.3	19	3	56	0	1	0.95	0.949	0.949	0.864	0.95	0.905	0.136
0.75	1.1	0.4	19	3	56	0	1	0.95	0.949	0.949	0.864	0.95	0.905	0.136
0.75	1.1	0.5	19	3	56	0	1	0.95	0.949	0.949	0.864	0.95	0.905	0.136
0.75	1.1	0.6	19	2	57	0	1	0.95	0.966	0.962	0.905	0.95	0.927	0.095
0.75	1.1	0.7	19	2	57	0	1	0.95	0.966	0.962	0.905	0.95	0.927	0.095
0.75	1.1	0.8	19	1	58	0	1	0.95	0.983	0.975	0.95	0.95	0.95	0.05
0.75	1.1	0.9	19	1	58	0	1	0.95	0.983	0.975	0.95	0.95	0.95	0.05
0.75	1.1	1.0	19	1	58	0	1	0.95	0.983	0.975	0.95	0.95	0.95	0.05
0.75	1.2	0.4	19	3	56	0	1	0.95	0.949	0.949	0.864	0.95	0.905	0.136
0.75	1.2	0.5	19	3	56	0	1	0.95	0.949	0.949	0.864	0.95	0.905	0.136
0.75	1.2	0.6	19	3	56	0	1	0.95	0.949	0.949	0.864	0.95	0.905	0.136
0.75	1.2	0.7	19	3	56	0	1	0.95	0.949	0.949	0.864	0.95	0.905	0.136
0.75	1.2	0.8	19	3	56	0	1	0.95	0.949	0.949	0.864	0.95	0.905	0.136
0.75	1.2	0.9	19	2	57	0	1	0.95	0.966	0.962	0.905	0.95	0.927	0.095
0.75	1.2	1.0	19	2	57	0	1	0.95	0.966	0.962	0.905	0.95	0.927	0.095
0.75	1.3	0.6	19	3	56	0	1	0.95	0.949	0.949	0.864	0.95	0.905	0.136
0.75	1.3	0.7	19	3	56	0	1	0.95	0.949	0.949	0.864	0.95	0.905	0.136
0.75	1.3	0.8	19	3	56	0	1	0.95	0.949	0.949	0.864	0.95	0.905	0.136
0.75	1.3	0.9	19	3	56	0	1	0.95	0.949	0.949	0.864	0.95	0.905	0.136
0.75	1.3	1.0	19	3	56	0	1	0.95	0.949	0.949	0.864	0.95	0.905	0.136
0.75	1.4	0.8	19	3	56	0	1	0.95	0.949	0.949	0.864	0.95	0.905	0.136
0.75	1.4	0.9	19	3	56	0	1	0.95	0.949	0.949	0.864	0.95	0.905	0.136
0.75	1.4	1.0	19	3	56	0	1	0.95	0.949	0.949	0.864	0.95	0.905	0.136
0.75	1.5	1.0	19	3	56	0	1	0.95	0.949	0.949	0.864	0.95	0.905	0.136
```

### VAF=(1.0,5.0] DNA=(0.0,4.0]
#### FILE=v4MiSeq_commercial_samples_expected_indels_ExpectedVAFs_MissingSeraSeq_VAF_NG_1.0_5.0_0.0_4.0_with_blacklist_out.tsv
```
LLOD	score	w_comp	TP	FP	TN	FN_u	FN_d	sens.	spec.	acc.	prec.	recall	F1	FDR
2.0	0.4	0.0	43	1	107	1	10	0.796	0.991	0.926	0.977	0.796	0.877	0.023
2.0	0.5	0.0	47	2	106	1	6	0.87	0.981	0.944	0.959	0.87	0.912	0.041
2.0	0.5	0.1	46	2	106	1	7	0.852	0.981	0.938	0.958	0.852	0.902	0.042
2.0	0.5	0.2	45	2	106	1	8	0.833	0.981	0.932	0.957	0.833	0.891	0.043
2.0	0.6	0.0	47	2	106	1	6	0.87	0.981	0.944	0.959	0.87	0.912	0.041
2.0	0.6	0.1	47	2	106	1	6	0.87	0.981	0.944	0.959	0.87	0.912	0.041
2.0	0.6	0.2	47	2	106	1	6	0.87	0.981	0.944	0.959	0.87	0.912	0.041
2.0	0.6	0.3	47	2	106	1	6	0.87	0.981	0.944	0.959	0.87	0.912	0.041
2.0	0.6	0.4	46	2	106	1	7	0.852	0.981	0.938	0.958	0.852	0.902	0.042
2.0	0.7	0.0	47	2	106	1	6	0.87	0.981	0.944	0.959	0.87	0.912	0.041
2.0	0.7	0.1	47	2	106	1	6	0.87	0.981	0.944	0.959	0.87	0.912	0.041
2.0	0.7	0.2	47	2	106	1	6	0.87	0.981	0.944	0.959	0.87	0.912	0.041
2.0	0.7	0.3	47	2	106	1	6	0.87	0.981	0.944	0.959	0.87	0.912	0.041
2.0	0.7	0.4	47	2	106	1	6	0.87	0.981	0.944	0.959	0.87	0.912	0.041
2.0	0.7	0.5	47	2	106	1	6	0.87	0.981	0.944	0.959	0.87	0.912	0.041
2.0	0.7	0.6	47	2	106	1	6	0.87	0.981	0.944	0.959	0.87	0.912	0.041
2.0	0.7	0.7	45	2	106	1	8	0.833	0.981	0.932	0.957	0.833	0.891	0.043
2.0	0.8	0.0	48	2	106	1	5	0.889	0.981	0.951	0.96	0.889	0.923	0.04
2.0	0.8	0.1	47	2	106	1	6	0.87	0.981	0.944	0.959	0.87	0.912	0.041
2.0	0.8	0.2	47	2	106	1	6	0.87	0.981	0.944	0.959	0.87	0.912	0.041
2.0	0.8	0.3	47	2	106	1	6	0.87	0.981	0.944	0.959	0.87	0.912	0.041
2.0	0.8	0.4	47	2	106	1	6	0.87	0.981	0.944	0.959	0.87	0.912	0.041
2.0	0.8	0.5	47	2	106	1	6	0.87	0.981	0.944	0.959	0.87	0.912	0.041
2.0	0.8	0.6	47	2	106	1	6	0.87	0.981	0.944	0.959	0.87	0.912	0.041
2.0	0.8	0.7	47	2	106	1	6	0.87	0.981	0.944	0.959	0.87	0.912	0.041
2.0	0.8	0.8	47	2	106	1	6	0.87	0.981	0.944	0.959	0.87	0.912	0.041
2.0	0.8	0.9	47	2	106	1	6	0.87	0.981	0.944	0.959	0.87	0.912	0.041
2.0	0.8	1.0	45	2	106	1	8	0.833	0.981	0.932	0.957	0.833	0.891	0.043
2.0	0.9	0.0	48	4	104	1	5	0.889	0.963	0.938	0.923	0.889	0.906	0.077
2.0	0.9	0.1	48	2	106	1	5	0.889	0.981	0.951	0.96	0.889	0.923	0.04
2.0	0.9	0.2	48	2	106	1	5	0.889	0.981	0.951	0.96	0.889	0.923	0.04
2.0	0.9	0.3	47	2	106	1	6	0.87	0.981	0.944	0.959	0.87	0.912	0.041
2.0	0.9	0.4	47	2	106	1	6	0.87	0.981	0.944	0.959	0.87	0.912	0.041
2.0	0.9	0.5	47	2	106	1	6	0.87	0.981	0.944	0.959	0.87	0.912	0.041
2.0	0.9	0.6	47	2	106	1	6	0.87	0.981	0.944	0.959	0.87	0.912	0.041
2.0	0.9	0.7	47	2	106	1	6	0.87	0.981	0.944	0.959	0.87	0.912	0.041
2.0	0.9	0.8	47	2	106	1	6	0.87	0.981	0.944	0.959	0.87	0.912	0.041
2.0	0.9	0.9	47	2	106	1	6	0.87	0.981	0.944	0.959	0.87	0.912	0.041
2.0	0.9	1.0	47	2	106	1	6	0.87	0.981	0.944	0.959	0.87	0.912	0.041
2.0	1.0	0.0	48	7	101	1	5	0.889	0.935	0.92	0.873	0.889	0.881	0.127
2.0	1.0	0.1	48	6	102	1	5	0.889	0.944	0.926	0.889	0.889	0.889	0.111
2.0	1.0	0.2	48	4	104	1	5	0.889	0.963	0.938	0.923	0.889	0.906	0.077
2.0	1.0	0.3	48	2	106	1	5	0.889	0.981	0.951	0.96	0.889	0.923	0.04
2.0	1.0	0.4	48	2	106	1	5	0.889	0.981	0.951	0.96	0.889	0.923	0.04
2.0	1.0	0.5	48	2	106	1	5	0.889	0.981	0.951	0.96	0.889	0.923	0.04
2.0	1.0	0.6	47	2	106	1	6	0.87	0.981	0.944	0.959	0.87	0.912	0.041
2.0	1.0	0.7	47	2	106	1	6	0.87	0.981	0.944	0.959	0.87	0.912	0.041
2.0	1.0	0.8	47	2	106	1	6	0.87	0.981	0.944	0.959	0.87	0.912	0.041
2.0	1.0	0.9	47	2	106	1	6	0.87	0.981	0.944	0.959	0.87	0.912	0.041
2.0	1.0	1.0	47	2	106	1	6	0.87	0.981	0.944	0.959	0.87	0.912	0.041
2.0	1.1	0.2	48	6	102	1	5	0.889	0.944	0.926	0.889	0.889	0.889	0.111
2.0	1.1	0.3	48	6	102	1	5	0.889	0.944	0.926	0.889	0.889	0.889	0.111
2.0	1.1	0.4	48	4	104	1	5	0.889	0.963	0.938	0.923	0.889	0.906	0.077
2.0	1.1	0.5	48	2	106	1	5	0.889	0.981	0.951	0.96	0.889	0.923	0.04
2.0	1.1	0.6	48	2	106	1	5	0.889	0.981	0.951	0.96	0.889	0.923	0.04
2.0	1.1	0.7	48	2	106	1	5	0.889	0.981	0.951	0.96	0.889	0.923	0.04
2.0	1.1	0.8	48	2	106	1	5	0.889	0.981	0.951	0.96	0.889	0.923	0.04
2.0	1.1	0.9	47	2	106	1	6	0.87	0.981	0.944	0.959	0.87	0.912	0.041
2.0	1.1	1.0	47	2	106	1	6	0.87	0.981	0.944	0.959	0.87	0.912	0.041
2.0	1.2	0.4	48	6	102	1	5	0.889	0.944	0.926	0.889	0.889	0.889	0.111
2.0	1.2	0.5	48	5	103	1	5	0.889	0.954	0.932	0.906	0.889	0.897	0.094
2.0	1.2	0.6	48	4	104	1	5	0.889	0.963	0.938	0.923	0.889	0.906	0.077
2.0	1.2	0.7	48	2	106	1	5	0.889	0.981	0.951	0.96	0.889	0.923	0.04
2.0	1.2	0.8	48	2	106	1	5	0.889	0.981	0.951	0.96	0.889	0.923	0.04
2.0	1.2	0.9	48	2	106	1	5	0.889	0.981	0.951	0.96	0.889	0.923	0.04
2.0	1.2	1.0	48	2	106	1	5	0.889	0.981	0.951	0.96	0.889	0.923	0.04
2.0	1.3	0.6	48	6	102	1	5	0.889	0.944	0.926	0.889	0.889	0.889	0.111
2.0	1.3	0.7	48	5	103	1	5	0.889	0.954	0.932	0.906	0.889	0.897	0.094
2.0	1.3	0.8	48	4	104	1	5	0.889	0.963	0.938	0.923	0.889	0.906	0.077
2.0	1.3	0.9	48	2	106	1	5	0.889	0.981	0.951	0.96	0.889	0.923	0.04
2.0	1.3	1.0	48	2	106	1	5	0.889	0.981	0.951	0.96	0.889	0.923	0.04
2.0	1.4	0.8	48	6	102	1	5	0.889	0.944	0.926	0.889	0.889	0.889	0.111
2.0	1.4	0.9	48	5	103	1	5	0.889	0.954	0.932	0.906	0.889	0.897	0.094
2.0	1.4	1.0	48	4	104	1	5	0.889	0.963	0.938	0.923	0.889	0.906	0.077
2.0	1.5	0.9	48	6	102	1	5	0.889	0.944	0.926	0.889	0.889	0.889	0.111
2.0	1.5	1.0	48	6	102	1	5	0.889	0.944	0.926	0.889	0.889	0.889	0.111
```

### VAF=(1.0,5.0] DNA=(4.0,8.0]
#### FILE=v4MiSeq_commercial_samples_expected_indels_ExpectedVAFs_MissingSeraSeq_VAF_NG_1.0_5.0_4.0_8.0_with_blacklist_out.tsv
```
LLOD	score	w_comp	TP	FP	TN	FN_u	FN_d	sens.	spec.	acc.	prec.	recall	F1	FDR
2.0	0.4	0.0	31	0	64	0	1	0.969	1.0	0.99	1.0	0.969	0.984	0.0
2.0	0.4	0.1	30	0	64	0	2	0.938	1.0	0.979	1.0	0.938	0.968	0.0
2.0	0.4	0.2	29	0	64	0	3	0.906	1.0	0.969	1.0	0.906	0.951	0.0
2.0	0.5	0.0	32	0	64	0	0	1.0	1.0	1.0	1.0	1.0	1.0	0.0
2.0	0.5	0.1	32	0	64	0	0	1.0	1.0	1.0	1.0	1.0	1.0	0.0
2.0	0.5	0.2	31	0	64	0	1	0.969	1.0	0.99	1.0	0.969	0.984	0.0
2.0	0.5	0.3	31	0	64	0	1	0.969	1.0	0.99	1.0	0.969	0.984	0.0
2.0	0.5	0.4	31	0	64	0	1	0.969	1.0	0.99	1.0	0.969	0.984	0.0
2.0	0.6	0.0	32	0	64	0	0	1.0	1.0	1.0	1.0	1.0	1.0	0.0
2.0	0.6	0.1	32	0	64	0	0	1.0	1.0	1.0	1.0	1.0	1.0	0.0
2.0	0.6	0.2	32	0	64	0	0	1.0	1.0	1.0	1.0	1.0	1.0	0.0
2.0	0.6	0.3	32	0	64	0	0	1.0	1.0	1.0	1.0	1.0	1.0	0.0
2.0	0.6	0.4	31	0	64	0	1	0.969	1.0	0.99	1.0	0.969	0.984	0.0
2.0	0.6	0.5	31	0	64	0	1	0.969	1.0	0.99	1.0	0.969	0.984	0.0
2.0	0.6	0.6	31	0	64	0	1	0.969	1.0	0.99	1.0	0.969	0.984	0.0
2.0	0.6	0.7	31	0	64	0	1	0.969	1.0	0.99	1.0	0.969	0.984	0.0
2.0	0.7	0.0	32	0	64	0	0	1.0	1.0	1.0	1.0	1.0	1.0	0.0
2.0	0.7	0.1	32	0	64	0	0	1.0	1.0	1.0	1.0	1.0	1.0	0.0
2.0	0.7	0.2	32	0	64	0	0	1.0	1.0	1.0	1.0	1.0	1.0	0.0
2.0	0.7	0.3	32	0	64	0	0	1.0	1.0	1.0	1.0	1.0	1.0	0.0
2.0	0.7	0.4	32	0	64	0	0	1.0	1.0	1.0	1.0	1.0	1.0	0.0
2.0	0.7	0.5	32	0	64	0	0	1.0	1.0	1.0	1.0	1.0	1.0	0.0
2.0	0.7	0.6	32	0	64	0	0	1.0	1.0	1.0	1.0	1.0	1.0	0.0
2.0	0.7	0.7	31	0	64	0	1	0.969	1.0	0.99	1.0	0.969	0.984	0.0
2.0	0.7	0.8	31	0	64	0	1	0.969	1.0	0.99	1.0	0.969	0.984	0.0
2.0	0.7	0.9	31	0	64	0	1	0.969	1.0	0.99	1.0	0.969	0.984	0.0
2.0	0.7	1.0	31	0	64	0	1	0.969	1.0	0.99	1.0	0.969	0.984	0.0
2.0	0.8	0.0	32	0	64	0	0	1.0	1.0	1.0	1.0	1.0	1.0	0.0
2.0	0.8	0.1	32	0	64	0	0	1.0	1.0	1.0	1.0	1.0	1.0	0.0
2.0	0.8	0.2	32	0	64	0	0	1.0	1.0	1.0	1.0	1.0	1.0	0.0
2.0	0.8	0.3	32	0	64	0	0	1.0	1.0	1.0	1.0	1.0	1.0	0.0
2.0	0.8	0.4	32	0	64	0	0	1.0	1.0	1.0	1.0	1.0	1.0	0.0
2.0	0.8	0.5	32	0	64	0	0	1.0	1.0	1.0	1.0	1.0	1.0	0.0
2.0	0.8	0.6	32	0	64	0	0	1.0	1.0	1.0	1.0	1.0	1.0	0.0
2.0	0.8	0.7	32	0	64	0	0	1.0	1.0	1.0	1.0	1.0	1.0	0.0
2.0	0.8	0.8	32	0	64	0	0	1.0	1.0	1.0	1.0	1.0	1.0	0.0
2.0	0.8	0.9	32	0	64	0	0	1.0	1.0	1.0	1.0	1.0	1.0	0.0
2.0	0.8	1.0	31	0	64	0	1	0.969	1.0	0.99	1.0	0.969	0.984	0.0
2.0	0.9	0.0	32	2	62	0	0	1.0	0.969	0.979	0.941	1.0	0.97	0.059
2.0	0.9	0.1	32	0	64	0	0	1.0	1.0	1.0	1.0	1.0	1.0	0.0
2.0	0.9	0.2	32	0	64	0	0	1.0	1.0	1.0	1.0	1.0	1.0	0.0
2.0	0.9	0.3	32	0	64	0	0	1.0	1.0	1.0	1.0	1.0	1.0	0.0
2.0	0.9	0.4	32	0	64	0	0	1.0	1.0	1.0	1.0	1.0	1.0	0.0
2.0	0.9	0.5	32	0	64	0	0	1.0	1.0	1.0	1.0	1.0	1.0	0.0
2.0	0.9	0.6	32	0	64	0	0	1.0	1.0	1.0	1.0	1.0	1.0	0.0
2.0	0.9	0.7	32	0	64	0	0	1.0	1.0	1.0	1.0	1.0	1.0	0.0
2.0	0.9	0.8	32	0	64	0	0	1.0	1.0	1.0	1.0	1.0	1.0	0.0
2.0	0.9	0.9	32	0	64	0	0	1.0	1.0	1.0	1.0	1.0	1.0	0.0
2.0	0.9	1.0	32	0	64	0	0	1.0	1.0	1.0	1.0	1.0	1.0	0.0
2.0	1.0	0.1	32	3	61	0	0	1.0	0.953	0.969	0.914	1.0	0.955	0.086
2.0	1.0	0.2	32	1	63	0	0	1.0	0.984	0.99	0.97	1.0	0.985	0.03
2.0	1.0	0.3	32	0	64	0	0	1.0	1.0	1.0	1.0	1.0	1.0	0.0
2.0	1.0	0.4	32	0	64	0	0	1.0	1.0	1.0	1.0	1.0	1.0	0.0
2.0	1.0	0.5	32	0	64	0	0	1.0	1.0	1.0	1.0	1.0	1.0	0.0
2.0	1.0	0.6	32	0	64	0	0	1.0	1.0	1.0	1.0	1.0	1.0	0.0
2.0	1.0	0.7	32	0	64	0	0	1.0	1.0	1.0	1.0	1.0	1.0	0.0
2.0	1.0	0.8	32	0	64	0	0	1.0	1.0	1.0	1.0	1.0	1.0	0.0
2.0	1.0	0.9	32	0	64	0	0	1.0	1.0	1.0	1.0	1.0	1.0	0.0
2.0	1.0	1.0	32	0	64	0	0	1.0	1.0	1.0	1.0	1.0	1.0	0.0
2.0	1.1	0.3	32	3	61	0	0	1.0	0.953	0.969	0.914	1.0	0.955	0.086
2.0	1.1	0.4	32	1	63	0	0	1.0	0.984	0.99	0.97	1.0	0.985	0.03
2.0	1.1	0.5	32	0	64	0	0	1.0	1.0	1.0	1.0	1.0	1.0	0.0
2.0	1.1	0.6	32	0	64	0	0	1.0	1.0	1.0	1.0	1.0	1.0	0.0
2.0	1.1	0.7	32	0	64	0	0	1.0	1.0	1.0	1.0	1.0	1.0	0.0
2.0	1.1	0.8	32	0	64	0	0	1.0	1.0	1.0	1.0	1.0	1.0	0.0
2.0	1.1	0.9	32	0	64	0	0	1.0	1.0	1.0	1.0	1.0	1.0	0.0
2.0	1.1	1.0	32	0	64	0	0	1.0	1.0	1.0	1.0	1.0	1.0	0.0
2.0	1.2	0.5	32	3	61	0	0	1.0	0.953	0.969	0.914	1.0	0.955	0.086
2.0	1.2	0.6	32	1	63	0	0	1.0	0.984	0.99	0.97	1.0	0.985	0.03
2.0	1.2	0.7	32	0	64	0	0	1.0	1.0	1.0	1.0	1.0	1.0	0.0
2.0	1.2	0.8	32	0	64	0	0	1.0	1.0	1.0	1.0	1.0	1.0	0.0
2.0	1.2	0.9	32	0	64	0	0	1.0	1.0	1.0	1.0	1.0	1.0	0.0
2.0	1.2	1.0	32	0	64	0	0	1.0	1.0	1.0	1.0	1.0	1.0	0.0
2.0	1.3	0.7	32	3	61	0	0	1.0	0.953	0.969	0.914	1.0	0.955	0.086
2.0	1.3	0.8	32	1	63	0	0	1.0	0.984	0.99	0.97	1.0	0.985	0.03
2.0	1.3	0.9	32	0	64	0	0	1.0	1.0	1.0	1.0	1.0	1.0	0.0
2.0	1.3	1.0	32	0	64	0	0	1.0	1.0	1.0	1.0	1.0	1.0	0.0
2.0	1.4	0.9	32	2	62	0	0	1.0	0.969	0.979	0.941	1.0	0.97	0.059
2.0	1.4	1.0	32	1	63	0	0	1.0	0.984	0.99	0.97	1.0	0.985	0.03
```

### VAF=(1.0,5.0] DNA=(8.0,16.0]
#### FILE=v4MiSeq_commercial_samples_expected_indels_ExpectedVAFs_MissingSeraSeq_VAF_NG_1.0_5.0_8.0_16.0_with_blacklist_out.tsv
```
LLOD	score	w_comp	TP	FP	TN	FN_u	FN_d	sens.	spec.	acc.	prec.	recall	F1	FDR
2.0	0.4	0.0	54	0	117	0	2	0.964	1.0	0.988	1.0	0.964	0.982	0.0
2.0	0.4	0.1	52	0	117	0	4	0.929	1.0	0.977	1.0	0.929	0.963	0.0
2.0	0.5	0.0	54	0	117	0	2	0.964	1.0	0.988	1.0	0.964	0.982	0.0
2.0	0.5	0.1	54	0	117	0	2	0.964	1.0	0.988	1.0	0.964	0.982	0.0
2.0	0.5	0.2	54	0	117	0	2	0.964	1.0	0.988	1.0	0.964	0.982	0.0
2.0	0.5	0.3	53	0	117	0	3	0.946	1.0	0.983	1.0	0.946	0.972	0.0
2.0	0.5	0.4	51	0	117	0	5	0.911	1.0	0.971	1.0	0.911	0.953	0.0
2.0	0.6	0.0	54	0	117	0	2	0.964	1.0	0.988	1.0	0.964	0.982	0.0
2.0	0.6	0.1	54	0	117	0	2	0.964	1.0	0.988	1.0	0.964	0.982	0.0
2.0	0.6	0.2	54	0	117	0	2	0.964	1.0	0.988	1.0	0.964	0.982	0.0
2.0	0.6	0.3	54	0	117	0	2	0.964	1.0	0.988	1.0	0.964	0.982	0.0
2.0	0.6	0.4	54	0	117	0	2	0.964	1.0	0.988	1.0	0.964	0.982	0.0
2.0	0.6	0.5	54	0	117	0	2	0.964	1.0	0.988	1.0	0.964	0.982	0.0
2.0	0.6	0.6	53	0	117	0	3	0.946	1.0	0.983	1.0	0.946	0.972	0.0
2.0	0.7	0.0	55	0	117	0	1	0.982	1.0	0.994	1.0	0.982	0.991	0.0
2.0	0.7	0.1	54	0	117	0	2	0.964	1.0	0.988	1.0	0.964	0.982	0.0
2.0	0.7	0.2	54	0	117	0	2	0.964	1.0	0.988	1.0	0.964	0.982	0.0
2.0	0.7	0.3	54	0	117	0	2	0.964	1.0	0.988	1.0	0.964	0.982	0.0
2.0	0.7	0.4	54	0	117	0	2	0.964	1.0	0.988	1.0	0.964	0.982	0.0
2.0	0.7	0.5	54	0	117	0	2	0.964	1.0	0.988	1.0	0.964	0.982	0.0
2.0	0.7	0.6	54	0	117	0	2	0.964	1.0	0.988	1.0	0.964	0.982	0.0
2.0	0.7	0.7	54	0	117	0	2	0.964	1.0	0.988	1.0	0.964	0.982	0.0
2.0	0.7	0.8	54	0	117	0	2	0.964	1.0	0.988	1.0	0.964	0.982	0.0
2.0	0.7	0.9	53	0	117	0	3	0.946	1.0	0.983	1.0	0.946	0.972	0.0
2.0	0.8	0.0	55	0	117	0	1	0.982	1.0	0.994	1.0	0.982	0.991	0.0
2.0	0.8	0.1	55	0	117	0	1	0.982	1.0	0.994	1.0	0.982	0.991	0.0
2.0	0.8	0.2	55	0	117	0	1	0.982	1.0	0.994	1.0	0.982	0.991	0.0
2.0	0.8	0.3	55	0	117	0	1	0.982	1.0	0.994	1.0	0.982	0.991	0.0
2.0	0.8	0.4	54	0	117	0	2	0.964	1.0	0.988	1.0	0.964	0.982	0.0
2.0	0.8	0.5	54	0	117	0	2	0.964	1.0	0.988	1.0	0.964	0.982	0.0
2.0	0.8	0.6	54	0	117	0	2	0.964	1.0	0.988	1.0	0.964	0.982	0.0
2.0	0.8	0.7	54	0	117	0	2	0.964	1.0	0.988	1.0	0.964	0.982	0.0
2.0	0.8	0.8	54	0	117	0	2	0.964	1.0	0.988	1.0	0.964	0.982	0.0
2.0	0.8	0.9	54	0	117	0	2	0.964	1.0	0.988	1.0	0.964	0.982	0.0
2.0	0.8	1.0	54	0	117	0	2	0.964	1.0	0.988	1.0	0.964	0.982	0.0
2.0	0.9	0.0	55	1	116	0	1	0.982	0.991	0.988	0.982	0.982	0.982	0.018
2.0	0.9	0.1	55	0	117	0	1	0.982	1.0	0.994	1.0	0.982	0.991	0.0
2.0	0.9	0.2	55	0	117	0	1	0.982	1.0	0.994	1.0	0.982	0.991	0.0
2.0	0.9	0.3	55	0	117	0	1	0.982	1.0	0.994	1.0	0.982	0.991	0.0
2.0	0.9	0.4	55	0	117	0	1	0.982	1.0	0.994	1.0	0.982	0.991	0.0
2.0	0.9	0.5	55	0	117	0	1	0.982	1.0	0.994	1.0	0.982	0.991	0.0
2.0	0.9	0.6	54	0	117	0	2	0.964	1.0	0.988	1.0	0.964	0.982	0.0
2.0	0.9	0.7	54	0	117	0	2	0.964	1.0	0.988	1.0	0.964	0.982	0.0
2.0	0.9	0.8	54	0	117	0	2	0.964	1.0	0.988	1.0	0.964	0.982	0.0
2.0	0.9	0.9	54	0	117	0	2	0.964	1.0	0.988	1.0	0.964	0.982	0.0
2.0	0.9	1.0	54	0	117	0	2	0.964	1.0	0.988	1.0	0.964	0.982	0.0
2.0	1.0	0.0	55	4	113	0	1	0.982	0.966	0.971	0.932	0.982	0.956	0.068
2.0	1.0	0.1	55	2	115	0	1	0.982	0.983	0.983	0.965	0.982	0.973	0.035
2.0	1.0	0.2	55	1	116	0	1	0.982	0.991	0.988	0.982	0.982	0.982	0.018
2.0	1.0	0.3	55	0	117	0	1	0.982	1.0	0.994	1.0	0.982	0.991	0.0
2.0	1.0	0.4	55	0	117	0	1	0.982	1.0	0.994	1.0	0.982	0.991	0.0
2.0	1.0	0.5	55	0	117	0	1	0.982	1.0	0.994	1.0	0.982	0.991	0.0
2.0	1.0	0.6	55	0	117	0	1	0.982	1.0	0.994	1.0	0.982	0.991	0.0
2.0	1.0	0.7	55	0	117	0	1	0.982	1.0	0.994	1.0	0.982	0.991	0.0
2.0	1.0	0.8	55	0	117	0	1	0.982	1.0	0.994	1.0	0.982	0.991	0.0
2.0	1.0	0.9	54	0	117	0	2	0.964	1.0	0.988	1.0	0.964	0.982	0.0
2.0	1.0	1.0	54	0	117	0	2	0.964	1.0	0.988	1.0	0.964	0.982	0.0
2.0	1.1	0.1	55	4	113	0	1	0.982	0.966	0.971	0.932	0.982	0.956	0.068
2.0	1.1	0.2	55	3	114	0	1	0.982	0.974	0.977	0.948	0.982	0.965	0.052
2.0	1.1	0.3	55	2	115	0	1	0.982	0.983	0.983	0.965	0.982	0.973	0.035
2.0	1.1	0.4	55	1	116	0	1	0.982	0.991	0.988	0.982	0.982	0.982	0.018
2.0	1.1	0.5	55	0	117	0	1	0.982	1.0	0.994	1.0	0.982	0.991	0.0
2.0	1.1	0.6	55	0	117	0	1	0.982	1.0	0.994	1.0	0.982	0.991	0.0
2.0	1.1	0.7	55	0	117	0	1	0.982	1.0	0.994	1.0	0.982	0.991	0.0
2.0	1.1	0.8	55	0	117	0	1	0.982	1.0	0.994	1.0	0.982	0.991	0.0
2.0	1.1	0.9	55	0	117	0	1	0.982	1.0	0.994	1.0	0.982	0.991	0.0
2.0	1.1	1.0	55	0	117	0	1	0.982	1.0	0.994	1.0	0.982	0.991	0.0
2.0	1.2	0.3	55	4	113	0	1	0.982	0.966	0.971	0.932	0.982	0.956	0.068
2.0	1.2	0.4	55	2	115	0	1	0.982	0.983	0.983	0.965	0.982	0.973	0.035
2.0	1.2	0.5	55	2	115	0	1	0.982	0.983	0.983	0.965	0.982	0.973	0.035
2.0	1.2	0.6	55	0	117	0	1	0.982	1.0	0.994	1.0	0.982	0.991	0.0
2.0	1.2	0.7	55	0	117	0	1	0.982	1.0	0.994	1.0	0.982	0.991	0.0
2.0	1.2	0.8	55	0	117	0	1	0.982	1.0	0.994	1.0	0.982	0.991	0.0
2.0	1.2	0.9	55	0	117	0	1	0.982	1.0	0.994	1.0	0.982	0.991	0.0
2.0	1.2	1.0	55	0	117	0	1	0.982	1.0	0.994	1.0	0.982	0.991	0.0
2.0	1.3	0.5	55	4	113	0	1	0.982	0.966	0.971	0.932	0.982	0.956	0.068
2.0	1.3	0.6	55	2	115	0	1	0.982	0.983	0.983	0.965	0.982	0.973	0.035
2.0	1.3	0.7	55	1	116	0	1	0.982	0.991	0.988	0.982	0.982	0.982	0.018
2.0	1.3	0.8	55	0	117	0	1	0.982	1.0	0.994	1.0	0.982	0.991	0.0
2.0	1.3	0.9	55	0	117	0	1	0.982	1.0	0.994	1.0	0.982	0.991	0.0
2.0	1.3	1.0	55	0	117	0	1	0.982	1.0	0.994	1.0	0.982	0.991	0.0
2.0	1.4	0.7	55	5	112	0	1	0.982	0.957	0.965	0.917	0.982	0.948	0.083
2.0	1.4	0.8	55	3	114	0	1	0.982	0.974	0.977	0.948	0.982	0.965	0.052
2.0	1.4	0.9	55	2	115	0	1	0.982	0.983	0.983	0.965	0.982	0.973	0.035
2.0	1.4	1.0	55	0	117	0	1	0.982	1.0	0.994	1.0	0.982	0.991	0.0
2.0	1.5	0.9	55	5	112	0	1	0.982	0.957	0.965	0.917	0.982	0.948	0.083
2.0	1.5	1.0	55	4	113	0	1	0.982	0.966	0.971	0.932	0.982	0.956	0.068
```

### VAF=(1.0,5.0] DNA=(16.0,32.0]
#### FILE=v4MiSeq_commercial_samples_expected_indels_ExpectedVAFs_MissingSeraSeq_VAF_NG_1.0_5.0_16.0_32.0_with_blacklist_out.tsv
```
LLOD	score	w_comp	TP	FP	TN	FN_u	FN_d	sens.	spec.	acc.	prec.	recall	F1	FDR
2.0	0.3	0.0	29	0	56	0	1	0.967	1.0	0.988	1.0	0.967	0.983	0.0
2.0	0.3	0.1	28	0	56	0	2	0.933	1.0	0.977	1.0	0.933	0.965	0.0
2.0	0.4	0.0	30	0	56	0	0	1.0	1.0	1.0	1.0	1.0	1.0	0.0
2.0	0.4	0.1	30	0	56	0	0	1.0	1.0	1.0	1.0	1.0	1.0	0.0
2.0	0.4	0.2	29	0	56	0	1	0.967	1.0	0.988	1.0	0.967	0.983	0.0
2.0	0.4	0.3	29	0	56	0	1	0.967	1.0	0.988	1.0	0.967	0.983	0.0
2.0	0.5	0.0	30	0	56	0	0	1.0	1.0	1.0	1.0	1.0	1.0	0.0
2.0	0.5	0.1	30	0	56	0	0	1.0	1.0	1.0	1.0	1.0	1.0	0.0
2.0	0.5	0.2	30	0	56	0	0	1.0	1.0	1.0	1.0	1.0	1.0	0.0
2.0	0.5	0.3	30	0	56	0	0	1.0	1.0	1.0	1.0	1.0	1.0	0.0
2.0	0.5	0.4	29	0	56	0	1	0.967	1.0	0.988	1.0	0.967	0.983	0.0
2.0	0.5	0.5	29	0	56	0	1	0.967	1.0	0.988	1.0	0.967	0.983	0.0
2.0	0.5	0.6	28	0	56	0	2	0.933	1.0	0.977	1.0	0.933	0.965	0.0
2.0	0.6	0.0	30	0	56	0	0	1.0	1.0	1.0	1.0	1.0	1.0	0.0
2.0	0.6	0.1	30	0	56	0	0	1.0	1.0	1.0	1.0	1.0	1.0	0.0
2.0	0.6	0.2	30	0	56	0	0	1.0	1.0	1.0	1.0	1.0	1.0	0.0
2.0	0.6	0.3	30	0	56	0	0	1.0	1.0	1.0	1.0	1.0	1.0	0.0
2.0	0.6	0.4	30	0	56	0	0	1.0	1.0	1.0	1.0	1.0	1.0	0.0
2.0	0.6	0.5	30	0	56	0	0	1.0	1.0	1.0	1.0	1.0	1.0	0.0
2.0	0.6	0.6	30	0	56	0	0	1.0	1.0	1.0	1.0	1.0	1.0	0.0
2.0	0.6	0.7	29	0	56	0	1	0.967	1.0	0.988	1.0	0.967	0.983	0.0
2.0	0.6	0.8	29	0	56	0	1	0.967	1.0	0.988	1.0	0.967	0.983	0.0
2.0	0.6	0.9	28	0	56	0	2	0.933	1.0	0.977	1.0	0.933	0.965	0.0
2.0	0.7	0.0	30	0	56	0	0	1.0	1.0	1.0	1.0	1.0	1.0	0.0
2.0	0.7	0.1	30	0	56	0	0	1.0	1.0	1.0	1.0	1.0	1.0	0.0
2.0	0.7	0.2	30	0	56	0	0	1.0	1.0	1.0	1.0	1.0	1.0	0.0
2.0	0.7	0.3	30	0	56	0	0	1.0	1.0	1.0	1.0	1.0	1.0	0.0
2.0	0.7	0.4	30	0	56	0	0	1.0	1.0	1.0	1.0	1.0	1.0	0.0
2.0	0.7	0.5	30	0	56	0	0	1.0	1.0	1.0	1.0	1.0	1.0	0.0
2.0	0.7	0.6	30	0	56	0	0	1.0	1.0	1.0	1.0	1.0	1.0	0.0
2.0	0.7	0.7	30	0	56	0	0	1.0	1.0	1.0	1.0	1.0	1.0	0.0
2.0	0.7	0.8	30	0	56	0	0	1.0	1.0	1.0	1.0	1.0	1.0	0.0
2.0	0.7	0.9	29	0	56	0	1	0.967	1.0	0.988	1.0	0.967	0.983	0.0
2.0	0.7	1.0	29	0	56	0	1	0.967	1.0	0.988	1.0	0.967	0.983	0.0
2.0	0.8	0.0	30	0	56	0	0	1.0	1.0	1.0	1.0	1.0	1.0	0.0
2.0	0.8	0.1	30	0	56	0	0	1.0	1.0	1.0	1.0	1.0	1.0	0.0
2.0	0.8	0.2	30	0	56	0	0	1.0	1.0	1.0	1.0	1.0	1.0	0.0
2.0	0.8	0.3	30	0	56	0	0	1.0	1.0	1.0	1.0	1.0	1.0	0.0
2.0	0.8	0.4	30	0	56	0	0	1.0	1.0	1.0	1.0	1.0	1.0	0.0
2.0	0.8	0.5	30	0	56	0	0	1.0	1.0	1.0	1.0	1.0	1.0	0.0
2.0	0.8	0.6	30	0	56	0	0	1.0	1.0	1.0	1.0	1.0	1.0	0.0
2.0	0.8	0.7	30	0	56	0	0	1.0	1.0	1.0	1.0	1.0	1.0	0.0
2.0	0.8	0.8	30	0	56	0	0	1.0	1.0	1.0	1.0	1.0	1.0	0.0
2.0	0.8	0.9	30	0	56	0	0	1.0	1.0	1.0	1.0	1.0	1.0	0.0
2.0	0.8	1.0	30	0	56	0	0	1.0	1.0	1.0	1.0	1.0	1.0	0.0
2.0	0.9	0.0	30	1	55	0	0	1.0	0.982	0.988	0.968	1.0	0.984	0.032
2.0	0.9	0.1	30	1	55	0	0	1.0	0.982	0.988	0.968	1.0	0.984	0.032
2.0	0.9	0.2	30	0	56	0	0	1.0	1.0	1.0	1.0	1.0	1.0	0.0
2.0	0.9	0.3	30	0	56	0	0	1.0	1.0	1.0	1.0	1.0	1.0	0.0
2.0	0.9	0.4	30	0	56	0	0	1.0	1.0	1.0	1.0	1.0	1.0	0.0
2.0	0.9	0.5	30	0	56	0	0	1.0	1.0	1.0	1.0	1.0	1.0	0.0
2.0	0.9	0.6	30	0	56	0	0	1.0	1.0	1.0	1.0	1.0	1.0	0.0
2.0	0.9	0.7	30	0	56	0	0	1.0	1.0	1.0	1.0	1.0	1.0	0.0
2.0	0.9	0.8	30	0	56	0	0	1.0	1.0	1.0	1.0	1.0	1.0	0.0
2.0	0.9	0.9	30	0	56	0	0	1.0	1.0	1.0	1.0	1.0	1.0	0.0
2.0	0.9	1.0	30	0	56	0	0	1.0	1.0	1.0	1.0	1.0	1.0	0.0
2.0	1.0	0.0	30	3	53	0	0	1.0	0.946	0.965	0.909	1.0	0.952	0.091
2.0	1.0	0.1	30	2	54	0	0	1.0	0.964	0.977	0.938	1.0	0.968	0.062
2.0	1.0	0.2	30	1	55	0	0	1.0	0.982	0.988	0.968	1.0	0.984	0.032
2.0	1.0	0.3	30	1	55	0	0	1.0	0.982	0.988	0.968	1.0	0.984	0.032
2.0	1.0	0.4	30	0	56	0	0	1.0	1.0	1.0	1.0	1.0	1.0	0.0
2.0	1.0	0.5	30	0	56	0	0	1.0	1.0	1.0	1.0	1.0	1.0	0.0
2.0	1.0	0.6	30	0	56	0	0	1.0	1.0	1.0	1.0	1.0	1.0	0.0
2.0	1.0	0.7	30	0	56	0	0	1.0	1.0	1.0	1.0	1.0	1.0	0.0
2.0	1.0	0.8	30	0	56	0	0	1.0	1.0	1.0	1.0	1.0	1.0	0.0
2.0	1.0	0.9	30	0	56	0	0	1.0	1.0	1.0	1.0	1.0	1.0	0.0
2.0	1.0	1.0	30	0	56	0	0	1.0	1.0	1.0	1.0	1.0	1.0	0.0
2.0	1.1	0.2	30	3	53	0	0	1.0	0.946	0.965	0.909	1.0	0.952	0.091
2.0	1.1	0.3	30	2	54	0	0	1.0	0.964	0.977	0.938	1.0	0.968	0.062
2.0	1.1	0.4	30	1	55	0	0	1.0	0.982	0.988	0.968	1.0	0.984	0.032
2.0	1.1	0.5	30	0	56	0	0	1.0	1.0	1.0	1.0	1.0	1.0	0.0
2.0	1.1	0.6	30	0	56	0	0	1.0	1.0	1.0	1.0	1.0	1.0	0.0
2.0	1.1	0.7	30	0	56	0	0	1.0	1.0	1.0	1.0	1.0	1.0	0.0
2.0	1.1	0.8	30	0	56	0	0	1.0	1.0	1.0	1.0	1.0	1.0	0.0
2.0	1.1	0.9	30	0	56	0	0	1.0	1.0	1.0	1.0	1.0	1.0	0.0
2.0	1.1	1.0	30	0	56	0	0	1.0	1.0	1.0	1.0	1.0	1.0	0.0
2.0	1.2	0.4	30	3	53	0	0	1.0	0.946	0.965	0.909	1.0	0.952	0.091
2.0	1.2	0.5	30	2	54	0	0	1.0	0.964	0.977	0.938	1.0	0.968	0.062
2.0	1.2	0.6	30	1	55	0	0	1.0	0.982	0.988	0.968	1.0	0.984	0.032
2.0	1.2	0.7	30	0	56	0	0	1.0	1.0	1.0	1.0	1.0	1.0	0.0
2.0	1.2	0.8	30	0	56	0	0	1.0	1.0	1.0	1.0	1.0	1.0	0.0
2.0	1.2	0.9	30	0	56	0	0	1.0	1.0	1.0	1.0	1.0	1.0	0.0
2.0	1.2	1.0	30	0	56	0	0	1.0	1.0	1.0	1.0	1.0	1.0	0.0
2.0	1.3	0.6	30	2	54	0	0	1.0	0.964	0.977	0.938	1.0	0.968	0.062
2.0	1.3	0.7	30	2	54	0	0	1.0	0.964	0.977	0.938	1.0	0.968	0.062
2.0	1.3	0.8	30	1	55	0	0	1.0	0.982	0.988	0.968	1.0	0.984	0.032
2.0	1.3	0.9	30	0	56	0	0	1.0	1.0	1.0	1.0	1.0	1.0	0.0
2.0	1.3	1.0	30	0	56	0	0	1.0	1.0	1.0	1.0	1.0	1.0	0.0
2.0	1.4	0.8	30	2	54	0	0	1.0	0.964	0.977	0.938	1.0	0.968	0.062
2.0	1.4	0.9	30	1	55	0	0	1.0	0.982	0.988	0.968	1.0	0.984	0.032
2.0	1.4	1.0	30	1	55	0	0	1.0	0.982	0.988	0.968	1.0	0.984	0.032
2.0	1.5	1.0	30	2	54	0	0	1.0	0.964	0.977	0.938	1.0	0.968	0.062
```

### VAF=(1.0,5.0] DNA=(32.0,64.0]
#### FILE=v4MiSeq_commercial_samples_expected_indels_ExpectedVAFs_MissingSeraSeq_VAF_NG_1.0_5.0_32.0_100.0_with_blacklist_out.tsv
```
LLOD	score	w_comp	TP	FP	TN	FN_u	FN_d	sens.	spec.	acc.	prec.	recall	F1	FDR
2.0	0.4	0.0	12	0	17	0	0	1.0	1.0	1.0	1.0	1.0	1.0	0.0
2.0	0.4	0.1	12	0	17	0	0	1.0	1.0	1.0	1.0	1.0	1.0	0.0
2.0	0.4	0.2	11	0	17	0	1	0.917	1.0	0.966	1.0	0.917	0.957	0.0
2.0	0.5	0.0	12	0	17	0	0	1.0	1.0	1.0	1.0	1.0	1.0	0.0
2.0	0.5	0.1	12	0	17	0	0	1.0	1.0	1.0	1.0	1.0	1.0	0.0
2.0	0.5	0.2	12	0	17	0	0	1.0	1.0	1.0	1.0	1.0	1.0	0.0
2.0	0.5	0.3	12	0	17	0	0	1.0	1.0	1.0	1.0	1.0	1.0	0.0
2.0	0.5	0.4	12	0	17	0	0	1.0	1.0	1.0	1.0	1.0	1.0	0.0
2.0	0.6	0.0	12	0	17	0	0	1.0	1.0	1.0	1.0	1.0	1.0	0.0
2.0	0.6	0.1	12	0	17	0	0	1.0	1.0	1.0	1.0	1.0	1.0	0.0
2.0	0.6	0.2	12	0	17	0	0	1.0	1.0	1.0	1.0	1.0	1.0	0.0
2.0	0.6	0.3	12	0	17	0	0	1.0	1.0	1.0	1.0	1.0	1.0	0.0
2.0	0.6	0.4	12	0	17	0	0	1.0	1.0	1.0	1.0	1.0	1.0	0.0
2.0	0.6	0.5	12	0	17	0	0	1.0	1.0	1.0	1.0	1.0	1.0	0.0
2.0	0.6	0.6	12	0	17	0	0	1.0	1.0	1.0	1.0	1.0	1.0	0.0
2.0	0.6	0.7	12	0	17	0	0	1.0	1.0	1.0	1.0	1.0	1.0	0.0
2.0	0.7	0.0	12	0	17	0	0	1.0	1.0	1.0	1.0	1.0	1.0	0.0
2.0	0.7	0.1	12	0	17	0	0	1.0	1.0	1.0	1.0	1.0	1.0	0.0
2.0	0.7	0.2	12	0	17	0	0	1.0	1.0	1.0	1.0	1.0	1.0	0.0
2.0	0.7	0.3	12	0	17	0	0	1.0	1.0	1.0	1.0	1.0	1.0	0.0
2.0	0.7	0.4	12	0	17	0	0	1.0	1.0	1.0	1.0	1.0	1.0	0.0
2.0	0.7	0.5	12	0	17	0	0	1.0	1.0	1.0	1.0	1.0	1.0	0.0
2.0	0.7	0.6	12	0	17	0	0	1.0	1.0	1.0	1.0	1.0	1.0	0.0
2.0	0.7	0.7	12	0	17	0	0	1.0	1.0	1.0	1.0	1.0	1.0	0.0
2.0	0.7	0.8	12	0	17	0	0	1.0	1.0	1.0	1.0	1.0	1.0	0.0
2.0	0.7	0.9	12	0	17	0	0	1.0	1.0	1.0	1.0	1.0	1.0	0.0
2.0	0.8	0.0	12	0	17	0	0	1.0	1.0	1.0	1.0	1.0	1.0	0.0
2.0	0.8	0.1	12	0	17	0	0	1.0	1.0	1.0	1.0	1.0	1.0	0.0
2.0	0.8	0.2	12	0	17	0	0	1.0	1.0	1.0	1.0	1.0	1.0	0.0
2.0	0.8	0.3	12	0	17	0	0	1.0	1.0	1.0	1.0	1.0	1.0	0.0
2.0	0.8	0.4	12	0	17	0	0	1.0	1.0	1.0	1.0	1.0	1.0	0.0
2.0	0.8	0.5	12	0	17	0	0	1.0	1.0	1.0	1.0	1.0	1.0	0.0
2.0	0.8	0.6	12	0	17	0	0	1.0	1.0	1.0	1.0	1.0	1.0	0.0
2.0	0.8	0.7	12	0	17	0	0	1.0	1.0	1.0	1.0	1.0	1.0	0.0
2.0	0.8	0.8	12	0	17	0	0	1.0	1.0	1.0	1.0	1.0	1.0	0.0
2.0	0.8	0.9	12	0	17	0	0	1.0	1.0	1.0	1.0	1.0	1.0	0.0
2.0	0.8	1.0	12	0	17	0	0	1.0	1.0	1.0	1.0	1.0	1.0	0.0
2.0	0.9	0.0	12	0	17	0	0	1.0	1.0	1.0	1.0	1.0	1.0	0.0
2.0	0.9	0.1	12	0	17	0	0	1.0	1.0	1.0	1.0	1.0	1.0	0.0
2.0	0.9	0.2	12	0	17	0	0	1.0	1.0	1.0	1.0	1.0	1.0	0.0
2.0	0.9	0.3	12	0	17	0	0	1.0	1.0	1.0	1.0	1.0	1.0	0.0
2.0	0.9	0.4	12	0	17	0	0	1.0	1.0	1.0	1.0	1.0	1.0	0.0
2.0	0.9	0.5	12	0	17	0	0	1.0	1.0	1.0	1.0	1.0	1.0	0.0
2.0	0.9	0.6	12	0	17	0	0	1.0	1.0	1.0	1.0	1.0	1.0	0.0
2.0	0.9	0.7	12	0	17	0	0	1.0	1.0	1.0	1.0	1.0	1.0	0.0
2.0	0.9	0.8	12	0	17	0	0	1.0	1.0	1.0	1.0	1.0	1.0	0.0
2.0	0.9	0.9	12	0	17	0	0	1.0	1.0	1.0	1.0	1.0	1.0	0.0
2.0	0.9	1.0	12	0	17	0	0	1.0	1.0	1.0	1.0	1.0	1.0	0.0
2.0	1.0	0.0	12	1	16	0	0	1.0	0.941	0.966	0.923	1.0	0.96	0.077
2.0	1.0	0.1	12	0	17	0	0	1.0	1.0	1.0	1.0	1.0	1.0	0.0
2.0	1.0	0.2	12	0	17	0	0	1.0	1.0	1.0	1.0	1.0	1.0	0.0
2.0	1.0	0.3	12	0	17	0	0	1.0	1.0	1.0	1.0	1.0	1.0	0.0
2.0	1.0	0.4	12	0	17	0	0	1.0	1.0	1.0	1.0	1.0	1.0	0.0
2.0	1.0	0.5	12	0	17	0	0	1.0	1.0	1.0	1.0	1.0	1.0	0.0
2.0	1.0	0.6	12	0	17	0	0	1.0	1.0	1.0	1.0	1.0	1.0	0.0
2.0	1.0	0.7	12	0	17	0	0	1.0	1.0	1.0	1.0	1.0	1.0	0.0
2.0	1.0	0.8	12	0	17	0	0	1.0	1.0	1.0	1.0	1.0	1.0	0.0
2.0	1.0	0.9	12	0	17	0	0	1.0	1.0	1.0	1.0	1.0	1.0	0.0
2.0	1.0	1.0	12	0	17	0	0	1.0	1.0	1.0	1.0	1.0	1.0	0.0
2.0	1.1	0.2	12	1	16	0	0	1.0	0.941	0.966	0.923	1.0	0.96	0.077
2.0	1.1	0.3	12	0	17	0	0	1.0	1.0	1.0	1.0	1.0	1.0	0.0
2.0	1.1	0.4	12	0	17	0	0	1.0	1.0	1.0	1.0	1.0	1.0	0.0
2.0	1.1	0.5	12	0	17	0	0	1.0	1.0	1.0	1.0	1.0	1.0	0.0
2.0	1.1	0.6	12	0	17	0	0	1.0	1.0	1.0	1.0	1.0	1.0	0.0
2.0	1.1	0.7	12	0	17	0	0	1.0	1.0	1.0	1.0	1.0	1.0	0.0
2.0	1.1	0.8	12	0	17	0	0	1.0	1.0	1.0	1.0	1.0	1.0	0.0
2.0	1.1	0.9	12	0	17	0	0	1.0	1.0	1.0	1.0	1.0	1.0	0.0
2.0	1.1	1.0	12	0	17	0	0	1.0	1.0	1.0	1.0	1.0	1.0	0.0
2.0	1.2	0.4	12	1	16	0	0	1.0	0.941	0.966	0.923	1.0	0.96	0.077
2.0	1.2	0.5	12	0	17	0	0	1.0	1.0	1.0	1.0	1.0	1.0	0.0
2.0	1.2	0.6	12	0	17	0	0	1.0	1.0	1.0	1.0	1.0	1.0	0.0
2.0	1.2	0.7	12	0	17	0	0	1.0	1.0	1.0	1.0	1.0	1.0	0.0
2.0	1.2	0.8	12	0	17	0	0	1.0	1.0	1.0	1.0	1.0	1.0	0.0
2.0	1.2	0.9	12	0	17	0	0	1.0	1.0	1.0	1.0	1.0	1.0	0.0
2.0	1.2	1.0	12	0	17	0	0	1.0	1.0	1.0	1.0	1.0	1.0	0.0
2.0	1.3	0.6	12	1	16	0	0	1.0	0.941	0.966	0.923	1.0	0.96	0.077
2.0	1.3	0.7	12	0	17	0	0	1.0	1.0	1.0	1.0	1.0	1.0	0.0
2.0	1.3	0.8	12	0	17	0	0	1.0	1.0	1.0	1.0	1.0	1.0	0.0
2.0	1.3	0.9	12	0	17	0	0	1.0	1.0	1.0	1.0	1.0	1.0	0.0
2.0	1.3	1.0	12	0	17	0	0	1.0	1.0	1.0	1.0	1.0	1.0	0.0
2.0	1.4	0.8	12	1	16	0	0	1.0	0.941	0.966	0.923	1.0	0.96	0.077
2.0	1.4	0.9	12	0	17	0	0	1.0	1.0	1.0	1.0	1.0	1.0	0.0
2.0	1.4	1.0	12	0	17	0	0	1.0	1.0	1.0	1.0	1.0	1.0	0.0
2.0	1.5	1.0	12	1	16	0	0	1.0	0.941	0.966	0.923	1.0	0.96	0.077
```

### Combinations frequencies
```
score	w_comp	frequency
0.6	0.5	13
0.6	0.4	13
0.7	0.7	13
0.6	0.0	13
0.6	0.1	13
0.6	0.2	13
0.7	0.3	13
0.7	0.4	13
0.7	0.5	13
0.8	0.8	13
0.9	1.0	13
0.5	0.2	14
0.5	0.3	14
0.5	0.0	14
0.5	0.1	14
0.6	0.3	14
0.8	0.7	14
0.4	0.0	15
```
